      201   737304,208   1030706,067                  
      202   737299,855   1030708,527                  
      203   737295,503   1030710,988                  
      204   737291,150   1030713,448                  
      205   737286,797   1030715,909                  
      206   737307,456   1030711,813                  
      207   737303,103   1030714,273                  
      208   737298,750   1030716,733                  
      209   737294,398   1030719,194                  
      210   737290,045   1030721,654                  
      211   737310,689   1030717,532                  
      212   737306,336   1030719,992                  
      213   737301,983   1030722,453                  
      214   737297,631   1030724,913                  
      215   737293,278   1030727,374                  
      216   737313,937   1030723,278                  
      217   737309,584   1030725,738                  
      218   737305,231   1030728,199                  
      219   737300,879   1030730,659                  
      220   737296,526   1030733,119                  
      221   737307,766   1030702,201                  
      222   737308,406   1030703,332                  
      223   737308,996   1030704,377                  
      224   737309,587   1030705,422                  
      225   737310,177   1030706,466                  
      226   737310,768   1030707,511                  
      227   737311,358   1030708,556                  
      228   737311,949   1030709,600                  
      229   737312,539   1030710,645                  
      230   737313,130   1030711,689                  
      231   737313,720   1030712,734                  
      232   737314,311   1030713,779                  
      233   737314,901   1030714,823                  
      234   737315,492   1030715,868                  
      235   737316,082   1030716,913                  
      236   737316,673   1030717,957                  
      237   737317,263   1030719,002                  
      238   737317,854   1030720,047                  
      239   737318,444   1030721,091                  
      240   737319,084   1030722,223                  
