               1     745682.113    1027765.694     170.169         
               2     745682.092    1027765.891     170.173         
               3     745681.946    1027765.939     170.169         
               4     745682.791    1027768.089     170.112         
               5     745682.801    1027768.277     170.117         
               6     745682.627    1027768.350     170.112         
               7     745683.434    1027770.498     170.260         
               8     745683.455    1027770.696     170.264         
               9     745683.306    1027770.773     170.260         
              10     745684.125    1027772.913     170.193         
              11     745684.139    1027773.082     170.197         
              12     745683.998    1027773.172     170.191         
              13     745684.753    1027775.298     170.269         
              14     745684.807    1027775.479     170.273         
              15     745684.672    1027775.588     170.267         
              16     745685.367    1027777.673     170.132         
              17     745685.468    1027777.846     170.139         
              18     745685.349    1027777.982     170.132         
              19     745686.034    1027780.089     170.129         
              20     745686.136    1027780.236     170.136         
              21     745686.044    1027780.386     170.129         
              22     745686.663    1027782.487     170.241         
              23     745686.806    1027782.624     170.247         
              24     745686.748    1027782.774     170.241         
              25     745687.315    1027784.898     170.233         
              26     745687.473    1027785.033     170.238         
              27     745687.421    1027785.182     170.232         
              28     745528.630    1028650.383     172.544         
              29     745528.676    1028650.195     172.559         
              30     745528.861    1028650.183     172.553         
              31     745529.676    1028648.112     172.552         
              32     745529.721    1028647.925     172.566         
              33     745529.900    1028647.907     172.554         
           15001     745687.471    1027785.092     170.626         
           15002     745686.798    1027782.706     170.630         
           15003     745686.129    1027780.293     170.622         
           15004     745685.471    1027777.835     170.625         
           15005     745684.820    1027775.440     170.631         
           15006     745684.147    1027773.066     170.629         
           15007     745683.468    1027770.695     170.635         
           15008     745682.742    1027768.335     170.629         
           15009     745682.131    1027765.830     170.636         
