             504     737332.322    1030749.156     225.363         
             505     737333.387    1030751.040     225.623         
             506     737334.524    1030753.388     225.511         
             507     737335.916    1030755.534     225.526         
             508     737337.323    1030758.507     225.725         
             509     737337.247    1030758.472     225.723         
             510     737337.299    1030758.436     225.726         
             511     737333.786    1030760.412     225.434         
             512     737330.274    1030762.413     225.453         
             513     737327.298    1030760.380     225.653         
             514     737323.652    1030753.938     225.492         
             515     737325.732    1030752.464     225.539         
             516     737327.770    1030751.183     225.585         
             517     737329.898    1030749.985     225.501         
             518     737331.971    1030757.771     225.528         
             519     737330.055    1030758.815     225.540         
             520     737325.452    1030761.456     225.698         
             521     737323.674    1030762.381     225.637         
             522     737321.836    1030763.446     225.664         
             523     737318.714    1030765.197     225.584         
             524     737317.392    1030762.950     225.585         
             525     737321.131    1030755.033     225.600         
             526     737326.081    1030758.093     225.541         
             527     737318.213    1030769.230     225.360         
             528     737314.922    1030771.142     225.368         
             529     737312.647    1030768.653     225.744         
             530     737308.682    1030767.882     225.663         
             531     737310.001    1030770.241     225.461         
             532     737306.132    1030763.326     225.478         
             533     737306.109    1030763.255     225.475         
             534     737306.187    1030763.274     225.477         
             535     737303.663    1030764.792     225.577         
             536     737301.340    1030766.021     225.494         
             537     737304.070    1030773.497     225.639         
             538     737299.570    1030775.385     225.611         
             539     737298.688    1030773.861     225.716         
             540     737297.866    1030772.404     225.548         
             541     737293.418    1030774.824     225.480         
             542     737292.026    1030779.616     225.560         
             543     737291.136    1030778.132     225.537         
             544     737283.047    1030776.334     225.456         
             545     737280.625    1030777.723     225.491         
             546     737286.697    1030780.548     225.498         
             547     737287.552    1030781.985     225.529         
             548     737288.983    1030781.093     225.531         
             549     737280.787    1030783.576     225.561         
             550     737278.064    1030791.832     225.920         
             551     737272.822    1030794.745     225.549         
             552     737269.303    1030796.760     225.429         
             553     737260.432    1030798.117     225.395         
             554     737262.628    1030796.702     225.412         
             555     737267.181    1030794.159     225.557         
             556     737270.126    1030792.600     225.485         
             557     737272.274    1030791.403     225.492         
             558     737274.381    1030790.213     225.467         
             559     737268.769    1030790.285     225.372         
             560     737267.476    1030788.131     225.430         
             561     737267.675    1030785.007     225.418         
             562     737266.259    1030785.914     225.678         
             563     737263.629    1030787.383     225.416         
             564     737261.549    1030788.494     225.422         
             565     737259.495    1030789.741     225.482         
             566     737257.045    1030791.206     225.427         
             567     737257.850    1030793.544     225.512         
             568     737259.188    1030795.896     225.362         
             569     737264.894    1030795.350     225.543         
             570     737285.471    1030774.966     225.452         
             571     737285.556    1030774.985     225.451         
             572     737285.512    1030774.926     225.451         
             573     737288.918    1030773.044     225.461         
             574     737291.071    1030771.875     225.509         
             575     737291.138    1030771.827     225.509         
             576     737291.145    1030771.897     225.510         
             577     737293.216    1030770.681     225.585         
             578     737293.297    1030770.656     225.585         
             579     737293.227    1030770.618     225.585         
             580     737298.821    1030767.568     225.519         
             581     737298.851    1030767.503     225.519         
             582     737298.896    1030767.561     225.519         
             583     737265.485    1030798.691     225.549         
             584     737261.602    1030800.425     225.491         
             585     737261.594    1030800.503     225.496         
             586     737261.661    1030800.463     225.493         
