             101     737282.262    1030718.437     225.252         
             102     737283.461    1030720.774     225.239         
             103     737284.628    1030722.848     225.240         
             105     737287.038    1030727.131     225.229         
             107     737289.409    1030731.464     225.275         
             109     737292.082    1030735.761     225.244         
             110     737278.346    1030720.420     225.237         
             112     737283.964    1030726.014     225.231         
             113     737282.241    1030726.975     225.259         
             114     737280.510    1030727.990     225.243         
             115     737278.999    1030728.785     225.247         
             116     737284.543    1030731.461     225.238         
             117     737282.918    1030732.348     225.232         
             118     737281.509    1030733.148     225.251         
             119     737289.202    1030737.367     225.247         
             123     737276.177    1030727.356     225.250         
             126     737279.821    1030733.886     225.229         
             128     737282.952    1030739.265     225.235         
             132     737278.937    1030738.934     225.259         
             137     737271.418    1030743.258     225.243         
             139     737260.465    1030730.540     225.248         
             140     737261.668    1030732.715     225.238         
             142     737264.316    1030737.422     225.248         
             143     737266.427    1030741.144     225.244         
             144     737267.684    1030743.371     225.231         
             145     737269.043    1030745.776     225.233         
             146     737270.047    1030747.490     225.245         
             155     737252.843    1030742.265     224.950         
             156     737253.828    1030743.806     224.939         
             159     737250.660    1030743.413     224.952         
             160     737251.636    1030745.069     224.922         
             166     737245.017    1030748.745     225.230         
             167     737246.863    1030751.961     225.270         
             170     737242.813    1030750.017     225.230         
             171     737244.641    1030753.259     225.244         
             172     737236.672    1030744.091     225.237         
             174     737240.677    1030751.223     225.233         
             175     737242.517    1030754.378     225.259         
             178     737229.994    1030747.827     225.222         
             180     737233.325    1030753.625     225.234         
             181     737233.997    1030755.000     225.215         
             183     737238.219    1030762.451     224.326         
             184     737239.923    1030765.344     225.268         
             185     737228.144    1030752.265     225.232         
             186     737231.559    1030756.381     225.220         
             188     737236.156    1030764.094     224.455         
             208     737298.714    1030716.715     225.240         
             209     737294.359    1030719.213     225.261         
             210     737290.075    1030721.643     225.249         
             213     737301.981    1030722.493     225.243         
             214     737297.630    1030724.952     225.250         
             215     737293.317    1030727.382     225.255         
             219     737300.866    1030730.713     225.246         
