            2001     737286.166    1030776.137     225.470         
            2002     737286.221    1030776.106     225.469         
            2003     737286.249    1030776.173     225.469         
            2004     737290.344    1030776.673     225.493         
            2005     737297.906    1030772.432     225.553         
            2006     737297.831    1030772.390     225.552         
            2007     737297.866    1030772.454     225.552         
            2008     737302.727    1030774.272     225.553         
            2009     737302.669    1030774.334     225.552         
            2010     737302.743    1030774.337     225.550         
            2011     737306.200    1030763.362     225.473         
            2012     737306.152    1030763.391     225.480         
            2013     737306.116    1030763.363     225.474         
            2014     737298.891    1030767.514     225.515         
            2015     737298.899    1030767.565     225.521         
            2016     737298.870    1030767.588     225.518         
            2017     737293.277    1030770.623     225.580         
            2018     737293.300    1030770.667     225.587         
            2019     737293.271    1030770.704     225.582         
            2020     737285.551    1030774.942     225.447         
            2021     737285.560    1030774.981     225.453         
            2022     737285.545    1030775.006     225.449         
            2023     737291.123    1030771.833     225.506         
            2024     737291.158    1030771.882     225.512         
            2025     737291.136    1030771.914     225.507         
            2026     737287.576    1030782.026     225.536         
            2027     737287.581    1030781.946     225.536         
            2028     737287.519    1030781.998     225.536         
            2029     737286.706    1030780.605     225.497         
            2030     737286.662    1030780.535     225.499         
            2031     737286.730    1030780.537     225.505         
