               2     737329.873    1030750.011     225.697         
               3     737327.730    1030751.197     225.678         
               6     737321.027    1030755.004     225.999         
               7     737316.081    1030757.774     226.408         
              10     737311.005    1030760.635     226.396         
              13     737333.365    1030751.052     225.505         
              14     737324.784    1030755.890     225.556         
              15     737316.147    1030760.752     225.602         
              16     737310.125    1030764.157     225.682         
              17     737307.434    1030765.639     225.612         
              19     737326.025    1030758.167     225.534         
              20     737317.420    1030762.998     225.548         
              21     737311.391    1030766.400     225.645         
              22     737308.689    1030767.912     225.654         
              25     737331.994    1030757.793     225.461         
              26     737330.025    1030758.888     225.529         
              27     737327.315    1030760.413     225.634         
              28     737325.469    1030761.462     225.527         
              29     737323.655    1030762.474     225.561         
              30     737321.827    1030763.503     225.560         
              31     737318.695    1030765.255     225.583         
              32     737315.603    1030767.020     225.612         
              33     737312.663    1030768.694     225.579         
              43     737303.715    1030764.735     225.322         
              44     737301.288    1030766.104     224.964         
              46     737295.518    1030769.364     224.970         
              53     737300.147    1030769.756     225.679         
              55     737301.415    1030772.029     225.607         
              57     737307.991    1030771.318     225.596         
              58     737305.835    1030772.524     225.543         
              59     737304.100    1030773.518     225.581         
              61     737286.656    1030783.336     225.667         
              62     737284.526    1030784.522     225.736         
              71     737294.699    1030774.199     225.616         
              72     737293.482    1030774.857     225.548         
              74     737298.719    1030773.931     225.519         
              75     737291.143    1030778.183     225.541         
              76     737299.576    1030775.429     225.431         
              77     737292.004    1030779.691     225.570         
              78     737288.217    1030779.670     225.468         
              80     737289.044    1030781.134     225.466         
              95     737280.781    1030783.638     225.416         
