            2032     737323.603    1030753.937     225.505         
            2033     737323.640    1030753.982     225.506         
            2034     737323.694    1030753.924     225.498         
            2035     737325.701    1030752.438     225.543         
            2036     737325.710    1030752.502     225.546         
            2037     737325.776    1030752.492     225.542         
            2038     737306.185    1030763.384     225.475         
            2039     737306.204    1030763.351     225.481         
            2040     737306.185    1030763.309     225.478         
            2041     737298.893    1030767.574     225.513         
            2042     737298.903    1030767.536     225.521         
            2043     737298.867    1030767.502     225.515         
            2044     737288.950    1030773.063     225.455         
            2045     737288.950    1030773.039     225.461         
            2046     737288.923    1030773.017     225.457         
            2047     737283.071    1030776.351     225.449         
            2048     737283.078    1030776.325     225.457         
            2049     737283.050    1030776.306     225.453         
            2050     737280.649    1030777.739     225.481         
            2051     737280.652    1030777.711     225.491         
            2052     737280.637    1030777.691     225.486         
            2053     737278.314    1030779.064     225.493         
            2054     737278.318    1030779.035     225.515         
            2055     737278.296    1030779.015     225.506         
            2056     737308.728    1030761.912     225.402         
            2057     737308.789    1030761.936     225.403         
            2058     737308.773    1030761.852     225.402         
            2059     737276.393    1030783.063     225.464         
            2060     737276.702    1030788.951     225.502         
            2061     737274.381    1030790.217     225.467         
            2062     737270.123    1030792.600     225.506         
            2063     737267.177    1030794.161     225.558         
            2064     737264.893    1030795.356     225.545         
            2065     737267.475    1030788.130     225.429         
            2066     737297.876    1030772.365     225.552         
            2067     737297.858    1030772.451     225.552         
            2068     737297.913    1030772.427     225.553         
