   D1 745681.992 1027765.775    170.634    
   D2 745682.656 1027768.185    170.634  
   D3 745683.320 1027770.596    170.634    
   D4 745683.984 1027773.006    170.634    
   D5 745684.647 1027775.416    170.634   
   D6 745685.311 1027777.826    170.634   
   D7 745685.975 1027780.237    170.634   
   D8 745686.639 1027782.647    170.634  
   D9 745687.303 1027785.057    170.634  
   H1 745529.822 1028648.050    172.564  
   H2 745528.777 1028650.321    172.564   
   H3 745527.733 1028652.592    172.564   
   H4 745526.688 1028654.863    172.564   
   H5 745525.643 1028657.134    172.564   
   H6 745524.598 1028659.406    172.564    
   H7 745523.553 1028661.677    172.564   
   H8 745522.508 1028663.948    172.564  
   H9 745521.464 1028666.219    172.564    